[[[ 0.00775194 -0.0620155   0.0620155   0.01550388]
  [-0.0620155   0.49612403 -0.49612403 -0.12403101]
  [ 0.0620155  -0.49612403  0.49612403  0.12403101]
  [ 0.01550388 -0.12403101  0.12403101  0.03100775]]

 [[ 0.00775194 -0.0620155   0.0620155   0.01550388]
  [-0.0620155   0.49612403 -0.49612403 -0.12403101]
  [ 0.0620155  -0.49612403  0.49612403  0.12403101]
  [ 0.01550388 -0.12403101  0.12403101  0.03100775]]

 [[ 0.00775194 -0.0620155   0.0620155   0.01550388]
  [-0.0620155   0.49612403 -0.49612403 -0.12403101]
  [ 0.0620155  -0.49612403  0.49612403  0.12403101]
  [ 0.01550388 -0.12403101  0.12403101  0.03100775]]

 [[ 0.00775194 -0.0620155   0.0620155  -0.01550388]
  [-0.0620155   0.49612403 -0.49612403  0.12403101]
  [ 0.0620155  -0.49612403  0.49612403 -0.12403101]
  [-0.01550388  0.12403101 -0.12403101  0.03100775]]

 [[ 0.00775194 -0.0620155   0.0620155  -0.01550388]
  [-0.0620155   0.49612403 -0.49612403  0.12403101]
  [ 0.0620155  -0.49612403  0.49612403 -0.12403101]
  [-0.01550388  0.12403101 -0.12403101  0.03100775]]

 [[ 0.00775194 -0.0620155   0.0620155  -0.01550388]
  [-0.0620155   0.49612403 -0.49612403  0.12403101]
  [ 0.0620155  -0.49612403  0.49612403 -0.12403101]
  [-0.01550388  0.12403101 -0.12403101  0.03100775]]]
setup in 0.0018222332000732422 sec
reduction in 0.00017523765563964844 sec
