python ../simplify_test.py

500,0078  -500,0620  0,0620  0,0155
-500,0620  500,4961  -0,4961  -0,1240
0,0620  -0,4961  0,4961  0,1240
0,0155  -0,1240  0,1240  0,0310

-500,0620  500,4961  -0,4961  -0,1240
0,0620  -0,4961  0,4961  0,1240
0,0155  -0,1240  0,1240  0,0310
500,0078  -500,0620  0,0620  0,0155

0,0620  -0,4961  0,4961  0,1240
0,0155  -0,1240  0,1240  0,0310
500,0078  -500,0620  0,0620  0,0155
-500,0620  500,4961  -0,4961  -0,1240

0,0155  -0,1240  0,1240  0,0310
500,0078  -500,0620  0,0620  0,0155
-500,0620  500,4961  -0,4961  -0,1240
0,0620  -0,4961  0,4961  0,1240

500,0078  -500,0620  0,0620  0,0155
-500,0620  500,4961  -0,4961  -0,1240
0,0620  -0,4961  0,4961  0,1240
0,0155  -0,1240  0,1240  0,0310

-500,0620  500,4961  -0,4961  -0,1240
0,0620  -0,4961  0,4961  0,1240
0,0155  -0,1240  0,1240  0,0310
1000,0078  -1000,0620  0,0620  0,0155

+- 0,0000 (3, 4)
|   +- 0,0620 (2, 5)
|   |   +- 125,0000 (3, 5)
|   |   |   +- None
|   |   |   +- None
|   |   +- 93,7500 (1, 2)
|   |   |   +- None
|   |   |   +- None
|   +- 0,0000 (0, 1)
|   |   +- 0,0000 (0, 2)
|   |   |   +- None
|   |   |   +- None
|   |   +- 0,0000 (4, 5)
|   |   |   +- None
|   |   |   +- None
contract 3, 4
0 0 0 0 0 1 
set 0 to 0
set 1 to 1
set 2 to 2
Makefile:9: die Regel für Ziel „test_all“ scheiterte
